             precision    recall  f1-score   support

          1       0.73      0.85      0.79       195
          2       0.79      0.44      0.56        25
          3       0.75      0.65      0.70       566
          4       0.85      0.85      0.85       257
          6       0.84      0.90      0.87       236
          7       0.83      0.90      0.86        98
          8       0.80      0.85      0.83       275
          9       0.79      0.92      0.85       211
         10       0.76      0.64      0.70       112
         11       0.81      0.95      0.88       242
         12       0.75      0.80      0.77       252
         13       0.81      0.72      0.76       196
         14       0.70      0.63      0.67       265
         16       1.00      0.23      0.38        26

avg / total       0.78      0.78      0.78      2956